0  12654.53
1  57893.83
2  1392791.31
642  1002609.26
1336  47141.04
1727  303820.99
1764  180556.72
1790  31956.98
1808  1253261.59
1849  120796.29
1905  102311.81
1919  223796.43
1933  69288.21
1937  5495.43
2119  98.83
2122  83998.38
2306  40075.40
2550  172837.65
2567  11.30
2568  3500.40
2570  537212.73
3097  239406.97
3105  72130.20
3123  835508.16
3313  128905.69
3778  5943.15
3859  28196.19
3937  28367.19
4056  327.27
6478  238.06
6509  135487.75
223904  510.68
223956  2005218.80
268360  1254150.03
1813482  11037.86
